# Directed graph (each unordered pair of nodes is saved once): web-Google.txt 
# Webgraph from the Google programming contest, 2002
# Nodes: 875713 Edges: 5105039
# FromNodeId	ToNodeId
0	11342
0	824020
0	867923
0	891835
11342	0
11342	27469
11342	38716
11342	309564
11342	322178
11342	387543
11342	427436
11342	538214
11342	638706
11342	645018
11342	835220
11342	856657
11342	867923
11342	891835
824020	0
824020	91807
824020	322178
824020	387543
824020	417728
824020	438493
824020	500627
824020	535748
824020	695578
824020	867923
824020	891835
867923	0
867923	11342
867923	136593
867923	414038
867923	500627
867923	523684
867923	760842
867923	815602
867923	835220
867923	846213
867923	857527
867923	891835
891835	0
891835	11342
891835	112028
891835	235849
891835	302284
891835	417728
891835	451592
891835	693969
891835	857527
891835	867923
1	53051
1	203402
1	223236
1	276233
1	552600
1	569212
1	635575
1	748615
1	862566
1	893884
203402	1
203402	53051
203402	164684
203402	184896
203402	184984
203402	223236
203402	240041
203402	276233
203402	284930
203402	303045
203402	384341
203402	408707
203402	436135
203402	449352
203402	532018
203402	539143
203402	552600
203402	569212
203402	573555
203402	604413
203402	635575
203402	648208
203402	748615
203402	773119
203402	789543
203402	792151
203402	824625
203402	838771
203402	862566
203402	893884
223236	8517
223236	14456
223236	51573
223236	150176
223236	187770
223236	189348
223236	202191
223236	225530
223236	334309
223236	421091
223236	425667
223236	484795
223236	521022
223236	522701
223236	578091
223236	610457
223236	614906
223236	674265
223236	777734
223236	799858
223236	822292
223236	867774
223236	907505
223236	912757
276233	1
276233	53051
276233	164684
276233	203402
276233	208814
276233	223236
276233	240041
276233	303045
276233	363925
276233	384341
276233	408707
276233	436135
276233	552600
276233	569212
276233	619841
276233	635575
276233	748615
276233	773119
276233	774614
276233	792266
276233	838771
276233	862566
276233	893884
552600	1
552600	53051
552600	203402
552600	223236
552600	240041
552600	276233
552600	363925
552600	436135
552600	569212
552600	619841
552600	635575
552600	748615
552600	774614
552600	824625
552600	838771
552600	862566
552600	893884
569212	1
569212	53051
569212	164684
569212	184896
569212	184984
569212	203402
569212	208814
569212	223236
569212	240041
569212	276233
569212	284930
569212	363925
569212	436135
569212	449352
569212	539143
569212	552600
569212	573555
569212	604413
569212	635575
569212	648208
569212	748615
569212	774614
569212	789543
569212	862566
569212	893884
635575	33023
635575	53051
635575	69209
635575	203402
635575	223236
635575	276233
635575	426314
635575	435399
635575	448933
635575	460573
635575	505620
635575	552600
635575	569212
635575	599243
635575	713628
635575	734138
635575	748615
635575	860525
635575	862566
635575	893884
635575	894228
748615	1
748615	53051
748615	164684
748615	184896
748615	184984
748615	203402
748615	208814
748615	223236
748615	240041
748615	276233
748615	284930
748615	303045
748615	363925
748615	384341
748615	408707
748615	436135
748615	449352
748615	532018
748615	539143
748615	552600
748615	569212
748615	573555
748615	604413
748615	619841
748615	635575
748615	648208
748615	773119
748615	774614
748615	789543
748615	792151
748615	792266
748615	824625
748615	838771
748615	862566
748615	893884
862566	1
862566	53051
862566	164684
862566	184896
862566	184984
862566	203402
862566	208814
862566	223236
862566	240041
862566	276233
862566	284930
862566	303045
862566	436135
862566	449352
862566	539143
862566	552600
862566	569212
862566	573555
862566	604413
862566	619841
862566	635575
862566	648208
862566	748615
862566	774614
862566	792151
862566	792266
862566	893884
893884	53051
893884	184896
893884	184984
893884	203402
893884	208814
893884	223236
893884	240041
893884	276233
893884	284930
893884	449352
893884	539143
893884	552600
893884	569212
893884	604413
893884	619841
893884	635575
893884	648208
893884	748615
893884	789543
893884	862566
2	30957
2	357310
2	423174
2	430119
2	462435
2	472889
2	565424
2	581609
2	597621
2	644135
2	858904
30957	2
30957	357310
30957	423174
30957	430119
30957	462435
30957	472889
30957	488515
30957	494042
30957	528391
30957	531596
30957	565424
30957	581609
30957	597621
30957	644135
30957	779195
30957	858904
30957	912247
357310	2
357310	30957
357310	423174
357310	430119
357310	462435
357310	472889
357310	565424
357310	581609
357310	597621
357310	644135
357310	858904
423174	2
423174	30957
423174	357310
423174	430119
423174	462435
423174	472889
423174	565424
423174	581609
423174	597621
423174	644135
423174	858904
430119	2
430119	30957
430119	357310
430119	423174
430119	462435
430119	472889
430119	488515
430119	494042
430119	528391
430119	531596
430119	565424
430119	581609
430119	597621
430119	644135
430119	779195
430119	858904
430119	912247
462435	2
462435	30957
462435	357310
462435	385050
462435	423174
462435	430119
462435	433724
462435	472889
462435	565424
462435	581609
462435	597621
462435	644135
462435	858904
472889	2
472889	30957
472889	357310
472889	423174
472889	430119
472889	462435
472889	565424
472889	581609
472889	597621
472889	644135
472889	858904
565424	2
565424	30957
565424	357310
565424	423174
565424	430119
565424	462435
565424	472889
565424	581609
565424	597621
565424	644135
565424	723893
565424	828769
565424	858904
581609	2
581609	30957
581609	357310
581609	423174
581609	430119
581609	462435
581609	472889
581609	565424
581609	597621
581609	644135
581609	858904
581609	908276
597621	2937
597621	89958
597621	107219
597621	137136
597621	163524
597621	178815
597621	190733
597621	206688
597621	397349
597621	518625
597621	564202
597621	564998
597621	654863
597621	660384
597621	718679
597621	727948
597621	729403
597621	769429
597621	783319
597621	857417
597621	888289
597621	895278
644135	2
644135	10245
644135	30957
644135	136144
644135	357310
644135	396205
644135	423174
644135	430119
644135	462435
644135	472889
644135	565424
644135	581609
644135	597621
644135	738649
644135	747569
644135	858904
644135	863279
644135	907005
858904	2
858904	30957
858904	357310
858904	423174
858904	430119
858904	462435
858904	472889
858904	565424
858904	581609
858904	597621
858904	644135
4	44695
4	62391
4	79146
4	173976
4	670449
4	746182
4	795253
44695	4
44695	62391
44695	79146
44695	173976
44695	670449
44695	746182
44695	795253
62391	4
62391	44695
62391	79146
62391	103137
62391	173976
62391	670449
62391	746182
62391	795253
79146	4
79146	44695
79146	62391
79146	173976
79146	670449
79146	746182
79146	795253
173976	33210
173976	72960
173976	75753
173976	91681
173976	109681
173976	124446
173976	139972
173976	268108
173976	302178
173976	412196
173976	412198
173976	438091
173976	464936
173976	525525
173976	550473
173976	600077
173976	609886
173976	653863
173976	680677
173976	715102
173976	778296
173976	782447
173976	836461
173976	845467
173976	900126
173976	904600
670449	52105
670449	79146
670449	85196
670449	130331
670449	140825
670449	149560
670449	173976
670449	240511
670449	242328
670449	338481
670449	425899
670449	432806
670449	449833
670449	531289
670449	560895
670449	582139
670449	682408
670449	722051
670449	740954
670449	904600
746182	4
746182	44695
746182	62391
746182	79146
746182	173976
746182	670449
746182	795253
795253	4
795253	44695
795253	62391
795253	79146
795253	173976
795253	670449
795253	746182
5	39733
5	219773
5	300279
5	535142
5	579655
5	581741
5	608321
39733	15455
39733	82098
39733	109781
39733	173876
39733	300279
39733	332494
39733	407045
39733	477876
39733	477995
39733	518248
39733	579655
39733	581741
39733	597093
39733	645048
39733	646184
39733	672011
39733	795442
39733	902658
219773	39733
219773	300279
219773	579655
219773	581741
300279	39733
300279	86022
300279	141417
300279	145948
300279	427986
300279	574208
300279	579655
300279	581741
300279	619985
300279	696574
300279	701345
300279	749671
535142	39733
535142	300279
535142	579655
535142	581741
579655	39733
579655	81548
579655	133180
579655	176209
579655	286930
579655	300279
579655	574208
579655	581741
579655	582223
579655	691579
579655	873984
581741	39733
581741	219773
581741	300279
581741	579655
581741	608321
608321	5
608321	39733
608321	300279
608321	579655
608321	581741
6	119755
6	188708
6	668992
119755	177631
188708	119755
188708	668992
668992	546100
7	19576
7	43343
7	57818
7	75039
7	86833
7	174836
7	226374
7	230497
7	358176
7	487767
7	507854
7	514170
7	694921
7	743269
7	747035
7	877041
19576	9925
19576	40379
19576	43343
19576	57818
19576	158986
19576	174836
19576	226374
19576	231693
19576	358176
19576	415477
19576	487767
19576	514170
19576	577373
19576	599294
19576	749880
19576	803181
19576	877041
43343	19576
43343	75039
43343	158986
43343	226374
43343	358176
43343	439749
43343	487767
43343	514170
43343	803181
43343	877041
43343	880805
57818	19576
57818	43343
57818	226374
57818	358176
57818	487767
57818	514170
57818	877041
75039	19576
75039	43343
75039	226374
75039	358176
75039	487767
75039	514170
75039	877041
86833	19576
86833	43343
86833	75039
86833	226374
86833	358176
86833	487767
86833	514170
86833	866520
86833	877041
174836	226374
174836	507854
174836	877041
226374	13593
226374	17517
226374	39916
226374	43911
226374	46123
226374	61510
226374	64308
226374	107295
226374	109447
226374	160614
226374	167833
226374	173772
226374	227011
226374	305428
226374	357845
226374	429246
226374	452090
226374	494555
226374	514471
226374	539784
226374	571440
226374	621443
226374	637227
226374	707223
226374	780880
226374	801318
226374	833263
226374	858446
230497	19576
230497	43343
230497	206575
230497	226374
230497	280521
230497	358176
230497	487767
230497	514170
230497	877041
358176	19576
358176	43343
358176	168798
358176	206575
358176	226374
358176	338360
358176	487767
358176	514170
358176	577373
358176	877041
487767	7
487767	19576
487767	43343
487767	226374
487767	280521
487767	358176
487767	514170
487767	694921
487767	803181
487767	877041
507854	388802
507854	514170
514170	19576
514170	43343
514170	226374
514170	358176
514170	487767
514170	877041
694921	7
694921	9925
694921	19576
694921	43343
694921	57818
694921	226374
694921	231693
694921	255894
694921	358176
694921	487767
694921	514170
694921	552180
694921	659005
694921	749880
694921	877041
743269	124664
743269	247520
743269	343884
743269	359790
743269	477779
743269	824952
747035	19576
747035	43343
747035	226374
747035	358176
747035	415477
747035	487767
747035	514170
747035	599294
747035	877041
877041	19576
877041	43343
877041	75039
877041	226374
877041	358176
877041	487767
877041	514170
877041	880805
8	55948
8	846855
55948	666882
846855	55948
846855	139221
846855	331202
846855	333064
846855	418074
846855	636166
846855	704230
846855	734611
846855	776489
846855	807179
846855	808449
846855	880924
846855	882714
9	504263
9	704303
9	721062
9	780043
504263	31180
704303	74718
704303	95866
704303	227153
704303	254344
704303	735251
704303	811853
721062	9262
721062	254657
721062	310299
721062	590539
721062	854813
780043	189159
780043	247201
780043	259179
780043	544239
780043	547992
780043	761184
780043	778409
780043	795791
780043	804192
10	49988
10	85506
10	129774
10	134964
10	181848
10	194746
10	310676
10	332640
10	393685
10	556796
10	826668
49988	10
49988	134964
49988	181848
49988	310676
49988	393685
49988	556796
85506	10
85506	181848
85506	310676
85506	393685
85506	507927
85506	556796
129774	48495
129774	94430
129774	100774
129774	109252
129774	284798
129774	390902
129774	507927
129774	509884
129774	812141
129774	838973
129774	865548
129774	869311
129774	875821
134964	10
134964	181848
134964	310676
134964	393685
134964	556796
181848	10
181848	85506
181848	194746
181848	310676
181848	393685
181848	556796
194746	10
194746	181848
194746	310676
194746	393685
194746	556796
310676	10
310676	134964
310676	181848
310676	393685
310676	556796
332640	10
332640	181848
332640	310676
332640	393685
332640	556796
393685	10
393685	181848
393685	310676
393685	332640
393685	556796
556796	10
556796	181848
556796	310676
556796	393685
826668	10
826668	181848
826668	310676
826668	393685
826668	556796
11	42021
11	75364
11	105322
11	160306
11	216203
11	280605
11	360442
11	400675
11	579432
11	852008
11	881590
42021	75364
42021	105322
42021	160306
42021	216203
42021	360442
42021	400675
42021	579432
75364	11
75364	42021
75364	105322
75364	160306
75364	216203
75364	294679
75364	360442
75364	400675
75364	579432
75364	750725
75364	765552
75364	852008
105322	42021
105322	50086
105322	75364
105322	95579
105322	111099
105322	160306
105322	216203
105322	360442
105322	400675
105322	504448
105322	579432
160306	42021
160306	75364
160306	95579
160306	216203
160306	360442
160306	400675
160306	579432
216203	10897
216203	42021
216203	105322
216203	160306
216203	224748
216203	360442
216203	389370
216203	400675
216203	514281
216203	579432
216203	622656
280605	42021
280605	75364
280605	105322
280605	160306
280605	216203
280605	360442
280605	400675
280605	579432
360442	10897
360442	42021
360442	105322
360442	160306
360442	216203
360442	400675
360442	415575
360442	579432
360442	615274
360442	622656
360442	807165
360442	888384
400675	42021
400675	75364
400675	105322
400675	160306
400675	172589
400675	216203
400675	360442
400675	416440
400675	579432
400675	606871
400675	696657
400675	752898
400675	757363
400675	902793
579432	42021
